350
102
44
36
45
38
42
45
47
38
36
39
41
42
49
40
55
60
52
53
51
39
44
42
43
44
43
56
60
40
54
53
56
44
39
44
61
41
42
50
62
56
58
44
52
48
50
59
54
47
74
56
47
52
49
64
53
65
65
71
70
55
70
66
63
69
62
71
84
74
76
59
67
56
68
72
89
71
61
75
77
44
64
72
60
39
91
76
63
78
91
73
74
86
69
80
68
73
37
47
41
49
57
82
46
64
48
43
53
59
47
41
67
61
53
41
51
49
30
58
51
61
46
28
65
40
35
38
47
43
41
52
47
47
41
44
49
43
35
58
51
70
63
50
51
35
36
37
23
38
50
34
44
48
34
44
57
83
66
58
79
65
94
101
71
144
89
92
103
127
108
87
66
84
69
37
77
75
73
85
72
71
88
76
73
70
94
97
99
102
102
93
107
104
77
109
116
75
71
64
91
71
39
78
83
71
70
41
55
36
69
60
59
86
75
49
44
31
39
24
55
56
30
55
46
49
31
50
31
48
47
33
31
31
41
31
32
41
43
30
47
49
33
52
72
52
77
52
70
70
75
88
79
69
85
84
53
84
82
51
70
71
66
121
70
56
49
68
58
64
37
80
91
118
48
52
65
88
53
57
73
92
84
109
64
48
93
71
63
52
49
59
37
39
50
49
53
28
94
49
38
62
38
99
47
63
83
36
65
45
58
46
43
43
43
47
44
46
24
26
35
47
80
53
35
52
25
38
63
60
87
105
77
114
142
99
127
83
100
78
43
36
34
24
45
44
48
44
81
46
56
28
25
33
48
27
36
34
24
25
43
43
33
42
37
32
34
23
25
33
42
24
24
32
24
24
37
23
23
48
46
49
62
51
52
34
44
45
53
43
38
24
52
59
57
32
25
24
24
42
33
43
32
24
23
36
45
36
36
25
43
53
44
53
59
57
59
36
55
66
66
52
56
53
43
47
47
37
35
37
37
23
24
33
24
47
58
76
101
98
125
104
170
176
121
113
94
126
119
45
74
76
74
101
76
71
79
67
57
83
59
64
24
59
57
71
70
35
95
46
35
81
63
102
81
114
84
66
135
128
114
127
144
125
131
114
151
132
153
179
167
164
199
229
218
86
253
136
149
153
124
96
97
144
117
179
162
121
125
158
212
211
178
62
83
82
83
129
95
123
84
53
107
111
83
38
85
81
85
78
94
76
65
96
102
39
85
87
76
108
110
92
55
100
71
58
76
90
103
95
84
58
82
101
68
85
71
58
90
104
84
90
83
84
84
94
66
67
88
72
80
69
86
134
83
174
121
132
105
177
111
90
129
129
157
177
173
111
186
189
190
237
206
208
159
192
143
130
54
152
131
110
149
127
135
39
101
57
55
73
54
192
85
85
40
54
24
62
74
56
82
115
81
109
132
58
23
65
38
63
233
155
128
109
136
62
99
85
99
209
204
97
90
176
172
158
162
152
54
148
199
193
183
139
154
123
172
63
119
238
211
193
203
171
164
170
205
146
87
173
137
190
122
151
136
183
110
85
145
229
151
211
303
226
217
188
239
211
292
175
194
183
152
174
177
211
321
338
212
143
224
146
171
91
112
170
93
214
248
140
284
91
262
159
111
244
242
254
94
67
71
70
140
182
202
122
155
167
155
200
119
160
242
195
184
147
213
204
179
298
181
108
161
168
173
154
159
138
154
141
173
122
96
91
73
67
67
71
92
67
83
116
175
101
212
264
225
345
298
290
311
401
311
270
219
222
262
252
198
311
268
202
250
212
149
194
340
299
322
334
269
199
287
195
218
217
218
215
261
266
229
168
243
168
221
170
188
301
118
182
89
94
93
115
118
138
94
52
116
91
115
67
48
106
123
142
71
114
80
46
129
223
118
215
176
153
167
246
183
152
48
114
104
152
111
156
78
151
156
110
46
79
92
45
48
24
25
67
47
73
69
80
62
24
55
23
24
47
49
109
48
150
132
94
69
46
25
49
25
48
111
72
97
55
109
77
54
48
23
46
77
106
171
142
85
108
232
200
240
183
319
218
125
268
214
222
268
325
226
194
238
220
268
197
234
197
127
279
313
138
170
119
156
187
284
292
318
279
249
232
205
346
326
270
266
139
289
245
247
265
137
165
102
106
101
135
130
125
182
198
181
233
232
159
99
177
131
176
217
142
113
164
136
106
50
81
139
156
127
119
154
165
161
138
136
166
110
114
106
200
180
255
148
213
274
233
238
215
282
408
207
285
179
226
309
263
295
316
122
276
215
316
248
239
166
128
165
108
104
134
236
209
140
85
159
156
153
146
212
378
127
209
207
69
134
212
175
184
121
116
125
150
181
135
144
165
152
92
71
90
74
115
93
84
85
57
116
117
120
56
122
182
119
24
149
181
205
85
104
65
125
122
89
185
183
90
130
150
142
211
135
290
243
154
227
147
214
141
142
146
158
298
255
224
223
211
203
144
179
160
148
155
261
324
204
116
104
122
129
113
55
55
55
117
88
59
24
84
56
55
89
56
55
117
86
83
56
23
55
24
23
24
55
84
23
24
24
24
23
24
24
23
24
24
24
23
24
24
24
58
23
24
24
56
24
24
24
23
60
58
23
58
58
92
58
85
85
87
86
85
95
84
83
145
59
93
53
55
54
55
54
85
114
124
125
88
173
126
160
133
56
83
148
154
59
150
127
85
90
92
93
89
88
84
90
118
128
133
131
87
151
112
23
55
23
24
55
56
60
83
76
54
78
23
24
24
24
24
52
53
53
57
53
92
54
53
53
82
88
86
124
127
53
24
84
167
23
85
56
88
137
176
197
145
220
133
192
191
236
175
156
177
153
102
95
133
168
110
164
122
86
154
278
239
187
148
147
152
168
95
154
216
266
279
88
90
88
83
118
91
24
138
25
88
57
24
24
216
120
210
87
256
252
282
125
224
57
225
61
120
88
24
136
24
150
23
85
54
56
25
24
102
99
107
219
327
315
286
397
286
328
248
189
308
239
177
154
141
23
65
65
55
59
100
89
93
131
176
63
129
101
101
162
132
151
116
146
138
182
207
274
174
175
101
164
70
24
63
24
59
58
59
58
124
87
124
24
161
23
87
88
88
23
25
53
23
23
24
23
23
24
24
76
23
25
24
23
24
24
56
91
87
57
23
23
24
60
24
23
58
23
23
24
24
23
23
23
26
23
23
23
58
92
91
218
121
255
127
228
95
94
127
348
91
283
129
244
58
57
26
66
90
86
101
119
80
203
166
122
192
240
192
298
242
100
160
182
344
155
127
89
361
184
56
402
246
259
230
205
63
288
143
123
230
255
164
198
236
390
366
324
343
136
103
161
94
229
282
314
159
204
443
210
422
312
129
161
216
214
228
266
183
201
206
219
66
225
203
158
292
391
347
329
359
260
156
212
236
228
231
135
227
266
208
102
96
59
94
100
213
142
132
136
74
136
135
152
127
23
116
111
107
155
138
173
333
185
207
252
168
66
183
23
147
111
139
63
140
100
221
211
128
203
164
59
164
61
23
64
104
174
161
173
132
187
175
194
302
149
254
256
209
140
148
198
277
167
101
328
145
122
235
684
259
212
276
264
256
213
189
217
232
166
70
24
66
165
24
243
266
205
416
279
272
245
392
349
385
341
412
432
314
469
488
375
306
305
192
213
143
270
248
288
250
369
368
248
401
299
288
409
482
320
303
494
300
279
491
405
326
225
426
381
300
248
322
245
334
144
226
184
100
102
102
151
180
105
99
137
24
61
62
24
25
59
270
24
166
259
152
87
24
135
140
300
86
128
146
298
192
191
264
303
323
374
213
74
229
194
73
125
129
182
150
130
90
93
140
118
97
185
150
92
129
81
150
120
238
70
81
74
124
295
122
125
293
215
231
316
234
207
244
127
280
139
69
123
168
247
162
169
175
83
172
74
170
130
127
234
88
97
157
197
214
162
241
235
262
350
163
77
194
362
605
535
319
120
211
70
119
67
174
277
134
118
252
81
114
83
87
24
70
24
24
25
24
101
118
23
24
23
159
67
70
67
71
24
23
24
24
69
131
146
66
24
222
24
164
315
203
163
435
523
268
363
262
256
273
293
185
115
68
88
115
202
114
209
76
25
110
123
126
204
116
238
266
277
348
203
275
195
326
425
232
440
453
649
149
406
25
70
313
233
272
319
382
69
213
233
301
236
181
216
196
117
116
75
23
118
66
68
180
23
139
141
23
160
70
160
352
212
326
304
396
372
226
284
330
333
219
260
293
352
177
198
156
241
67
126
249
503
159
164
202
117
125
113
344
280
190
185
426
416
384
483
530
603
504
489
516
463
491
257
495
274
328
300
186
162
265
202
231
208
69
150
25
23
24
24
23
74
25
23
24
23
24
24
24
118
77
127
131
81
118
135
128
135
83
135
102
24
23
111
117
23
112
69
69
111
198
272
212
210
221
147
263
188
142
273
296
276
129
114
154
317
268
359
166
365
168
381
271
403
355
335
415
437
300
443
449
472
441
465
349
425
362
359
236
344
311
326
260
392
399
572
469
409
366
196
389
402
328
546
588
328
363
388
301
224
279
435
386
621
446
667
430
278
674
596
686
758
860
566
656
579
752
628
483
477
541
389
298
525
496
330
247
458
431
348
364
252
267
287
267
259
213
216
174
148
264
374
222
279
310
307
343
643
387
479
522
506
580
402
475
527
357
400
476
546
543
459
519
464
300
77
186
191
244
88
134
189
243
301
213
204
439
394
236
273
383
605
466
352
360
264
268
457
366
317
434
289
150
250
525
266
278
173
124
133
126
170
185
336
330
347
272
604
428
492
541
543
589
542
698
300
673
410
606
564
615
466
713
491
264
439
447
524
25
417
326
236
371
486
140
347
291
256
203
147
133
77
25
23
74
128
24
25
74
24
126
182
251
169
168
124
338
131
248
345
138
292
302
293
412
538
214
387
293
317
179
371
359
296
197
121
148
230
264
350
79
142
134
251
367
128
197
297
190
299
120
391
342
75
240
77
177
175
181
24
24
130
247
312
281
272
167
227
347
228
327
333
131
281
230
334
410
232
260
246
338
231
333
221
146
276
155
262
163
356
263
352
359
282
224
504
330
367
363
317
359
157
364
240
451
636
534
325
441
456
78
94
384
238
465
369
253
455
402
598
539
408
282
368
167
590
306
293
144
362
317
310
431
356
320
259
430
138
607
525
510
469
372
588
368
257
264
274
237
424
466
318
231
215
379
320
243
331
358
416
379
314
269
323
438
483
463
634
489
529
600
522
431
551
458
551
457
507
312
499
391
410
196
510
544
412
276
212
302
248
261
313
255
432
441
200
266
299
183
254
133
350
352
306
241
188
136
189
79
300
413
190
302
273
307
312
234
307
325
260
406
367
365
465
428
77
134
143
190
139
79
84
491
415
526
283
362
166
459
383
150
268
293
383
219
349
392
331
271
260
314
225
267
257
262
259
383
142
135
243
192
78
139
190
78
137
24
246
83
247
141
133
79
245
130
135
140
137
373
25
194
78
78
138
23
80
91
138
153
206
345
84
81
89
23
87
83
25
24
83
141
143
198
95
78
81
135
135
24
24
137
482
112
193
202
200
222
231
211
216
125
209
413
136
224
542
483
444
443
358
622
301
703
522
835
196
528
503
432
275
389
167
245
186
182
335
662
427
180
255
181
333
314
629
244
93
382
94
388
303
329
259
449
395
197
243
381
335
473
331
180
238
234
365
102
106
169
246
320
237
305
175
242
253
230
25
297
262
362
158
91
164
369
309
234
242
230
247
383
283
615
457
651
685
452
390
651
431
388
623
574
569
444
310
379
224
167
293
388
167
354
356
356
222
349
303
172
343
300
342
173
23
227
155
90
159
85
98
156
89
24
24
90
24
183
220
153
337
294
497
444
404
482
420
410
355
754
295
495
424
418
388
235
476
304
326
523
427
290
91
242
185
24
86
237
194
156
154
342
494
406
279
514
340
504
506
398
865
637
419
539
728
829
566
637
743
181
543
320
433
449
330
246
422
402
264
189
303
453
567
220
462
360
505
93
551
131
553
175
424
264
196
297
228
163
218
304
462
183
345
437
251
445
462
425
560
366
484
355
304
101
222
277
416
373
379
346
243
254
273
363
170
24
24
99
172
229
155
523
159
537
338
632
192
175
91
489
234
291
154
217
369
501
551
430
203
357
336
295
288
186
174
240
350
426
87
216
23
23
24
24
86
118
222
157
150
271
215
334
279
302
412
527
273
219
23
168
24
96
171
150
221
23
87
101
415
441
678
217
158
492
553
573
639
445
559
672
627
729
690
853
987
895
853
691
397
491
208
164
152
90
89
225
24
154
23
88
89
156
161
89
436
199
23
91
109
268
322
140
316
198
193
212
209
153
87
88
88
156
233
155
223
347
90
290
95
359
305
225
88
218
87
217
90
87
88
89
25
23
23
23
24
24
23
24
24
24
24
25
24
23
24
24
23
24
24
24
24
23
25
26
90
24
24
24
85
151
220
91
236
310
167
89
239
24
274
149
88
24
165
24
175
90
23
87
24
24
91
314
24
24
23
24
23
23
23
24
149
87
89
90
90
24
24
23
246
88
180
94
99
164
248
108
115
105
423
92
154
318
122
255
356
171
94
89
112
272
186
169
303
98
224
99
159
97
248
88
226
101
24
26
309
119
340
99
396
237
154
293
197
389
152
174
237
89
234
102
204
23
91
24
96
161
170
99
369
164
162
292
165
92
94
92
97
100
170
97
173
182
246
173
438
484
442
256
286
208
163
222
495
650
661
470
287
627
330
360
167
402
422
574
425
609
641
580
534
218
481
96
517
327
263
493
283
112
348
304
302
178
263
135
188
452
246
258
348
581
370
480
537
583
558
362
438
435
174
870
1027
549
656
861
416
543
373
673
318
257
302
174
158
163
238
105
169
240
170
249
237
173
102
105
171
263
322
190
248
220
247
252
407
459
561
445
563
442
439
439
292
355
229
249
315
325
718
542
412
509
491
672
613
501
412
485
592
461
492
93
526
506
553
267
378
315
24
24
206
111
243
403
104
25
93
100
169
89
25
24
24
24
92
223
242
163
155
91
223
93
163
160
171
315
245
160
164
94
179
97
298
96
92
327
239
266
327
291
391
186
96
109
160
24
24
24
24
158
88
24
250
172
353
390
519
676
24
605
99
24
278
252
187
93
24
175
94
92
23
24
24
215
133
25
275
599
222
160
123
159
110
333
24
165
25
205
309
512
193
331
97
102
146
105
107
311
194
180
99
255
372
262
458
392
378
320
363
269
275
404
237
188
98
235
280
95
111
178
234
329
25
100
186
91
101
23
165
369
305
269
409
686
246
270
269
360
346
180
308
173
166
24
24
92
24
23
23
23
25
23
24
95
25
23
24
23
23
24
24
24
92
25
23
165
23
24
92
24
24
100
119
296
107
242
100
327
181
270
290
246
393
373
118
182
468
233
515
382
163
309
230
297
162
90
163
25
414
199
385
238
285
168
168
490
255
479
253
330
479
516
556
511
25
249
253
24
94
177
243
581
591
679
357
375
404
499
459
210
257
269
440
283
408
197
480
328
348
463
309
324
171
255
316
165
188
23
369
162
24
234
233
23
96
238
170
237
163
92
368
165
164
94
251
159
96
159
159
163
228
169
514
219
95
100
102
181
102
97
180
263
232
100
24
98
485
166
23
95
24
171
97
24
184
176
96
24
24
24
101
98
104
248
109
170
311
112
183
189
337
432
333
207
104
194
255
113
114
117
180
113
24
25
105
24
162
560
225
514
611
728
650
611
584
814
672
661
323
309
449
510
240
336
340
156
427
93
148
163
382
255
98
185
247
96
243
24
239
269
486
94
468
451
700
473
837
486
700
518
733
661
930
665
679
808
759
584
890
709
368
605
500
482
640
744
473
833
546
968
597
551
562
468
475
506
319
340
507
168
99
353
200
183
275
188
290
281
480
266
380
444
524
98
246
355
304
375
449
497
697
663
737
679
592
769
667
828
444
599
569
504
704
626
661
581
720
442
793
1025
420
331
587
488
594
450
357
556
481
562
589
168
270
711
277
289
205
113
97
107
24
268
105
490
188
500
546
186
118
116
23
288
245
581
188
330
333
808
796
24
414
402
523
255
249
609
531
535
652
513
286
606
404
318
803
860
268
615
927
679
543
390
622
706
365
365
930
781
525
667
681
1045
935
706
789
1012
1040
832
979
946
657
786
492
721
764
932
786
962
807
613
511
275
429
848
600
505
918
787
405
889
579
323
261
496
574
267
797
657
795
953
804
800
451
279
644
357
491
585
685
555
542
301
540
481
552
565
679
592
514
606
572
433
197
291
464
587
452
765
388
199
178
292
25
110
111
104
24
454
500
833
728
472
1084
530
1021
1294
977
954
813
677
1103
764
1062
836
1062
889
1011
797
747
1007
1102
1096
1018
1188
807
680
576
490
807
811
938
774
786
869
852
914
590
388
659
184
636
418
346
427
214
268
341
268
106
556
310
469
335
138
215
348
466
758
524
656
474
525
574
540
467
446
457
292
308
303
425
273
105
187
271
256
355
279
24
240
217
23
100
25
324
221
412
212
306
101
23
104
107
24
24
119
243
207
364
180
24
106
24
109
380
410
436
533
553
616
623
803
648
885
870
1225
1004
690
710
815
780
563
418
703
647
852
368
679
608
692
637
880
661
561
515
1032
724
664
609
295
702
704
353
564
683
780
524
205
447
407
449
310
574
187
548
186
480
341
330
121
188
578
354
491
278
391
531
561
542
557
391
290
655
526
309
381
311
543
201
377
191
280
284
189
116
24
267
24
24
130
381
111
26
24
107
104
108
104
200
283
24
24
279
309
115
272
405
144
124
378
131
132
127
197
355
207
116
196
277
468
372
686
620
128
223
318
663
385
340
192
587
118
386
190
658
305
140
153
335
554
604
463
293
519
260
254
490
159
118
146
110
335
127
429
469
517
372
278
105
271
211
298
294
118
24
102
23
104
24
391
24
187
369
622
468
287
288
197
291
118
353
276
596
230
191
210
288
201
526
120
300
367
197
191
328
206
425
219
914
292
276
699
532
413
555
299
23
313
649
578
1030
910
284
747
150
750
289
276
410
142
149
154
152
162
158
153
163
150
157
353
159
161
508
168
171
175
278
163
149
25
435
164
273
400
302
403
284
154
408
291
403
274
533
532
153
910
139
147
176
274
272
287
441
296
177
276
151
268
267
154
155
149
24
143
24
24
24
24
25
25
285
27
26
27
26
163
273
412
308
25
387
131
136
23
137
24
24
137
148
150
154
407
142
147
271
481
273
506
271
272
373
360
263
262
253
400
24
292
24
139
141
249
254
243
263
691
646
795
654
646
140
247
349
499
483
141
253
286
370
700
468
457
457
578
253
362
363
133
262
262
398
153
274
402
373
244
454
741
256
247
926
1024
791
356
505
385
136
354
353
690
245
255
253
143
367
261
268
360
134
145
135
23
464
339
468
576
775
586
578
347
468
473
450
285
483
369
414
271
267
337
24
295
131
148
368
245
235
138
538
597
249
297
24
26
302
179
343
129
122
134
129
331
124
330
231
460
291
24
133
24
136
144
150
229
24
24
24
24
128
126
24
24
24
129
125
129
128
121
223
548
367
360
281
229
127
228
222
328
423
541
129
132
328
123
148
143
325
238
333
129
337
341
228
521
349
337
332
126
123
361
277
463
460
340
25
119
127
25
25
24
138
24
119
124
118
119
285
24
297
24
24
24
24
246
24
25
420
130
24
24
24
24
26
24
24
134
123
213
765
123
123
24
133
23
133
127
134
24
24
24
24
215
24
24
24
345
280
23
256
118
25
23
24
23
154
169
317
136
381
138
239
23
122
228
142
232
121
123
150
119
260
409
436
137
432
510
323
483
556
696
968
824
814
706
1020
1521
1021
962
849
763
340
212
511
439
523
158
365
130
149
248
140
468
373
377
243
296
390
313
408
311
214
212
322
328
322
318
313
222
220
24
24
24
117
23
24
24
123
117
122
24
25
24
220
331
227
317
429
221
234
325
421
324
324
362
329
337
498
361
569
326
713
189
737
629
805
632
508
264
838
449
585
696
794
686
795
599
462
870
943
773
1043
922
992
1054
615
782
599
775
702
748
644
760
881
555
792
652
245
1009
523
609
918
713
910
611
992
1156
959
593
702
987
1017
1288
934
775
988
724
1185
1003
1026
943
1076
1057
643
1036
939
767
961
807
763
941
737
968
921
806
751
902
494
719
947
734
737
852
812
805
640
699
874
213
118
307
512
134
423
534
1185
804
736
633
